113505
113511
113515
113525
113544
113558
113561
113595
113599
113615
113619
113629
113639
113646
113650
113657
113658
113662
113671
113678
113679
113685
113687
113690
113691
113692
113702
113704
113707
113709
113720
113734
113735
113738
113744
113745
113759
113793
113802
113821
113835
113837
113878
113880
113898
113908
113915
113916
113937
113945
113947
113956
113963
113972
113974
113975
113990
114012
114019
114036
114068
114071
114079
114085
114087
114094
114104
114109
114114
114120
114124
114144
114147
114148
114171
114181
114188
114192
114208
114210
114211
114221
114233
114234
114244
114264
114268
114269
114284
114285
114286
114289
114292
114297
114304
114307
114323
114327
114333
114340
114348
114353
114358
114386
114396
114400
114402
114406
114407
114409
114427
114435
114455
114475
114483
114495
114499
114504
114508
114517
114525
114529
114548
114550
114552
114555
114571
114578
114592
114606
114607
114622
114629
114641
114645
114658
114659
114663
114668
114669
114673
114691
114695
114701
114716
114732
114738
114741
114747
114752
114760
114761
114762
114776
114783
114784
114794
114803
114815
114819
114837
114843
114845
114853
114867
114888
114894
114904
114910
114913
114925
114927
114933
114937
114938
114939
114941
114948
114954
114965
114981
114982
114985
115034
115062
115065
115070
115085
115088
115119
115121
115136
115138
115160
115170
115180
115181
115189
115202
115204
115205
115210
115230
115231
115237
115253
115258
115276
115277
115287
115294
115302
115304
115305
115321
115323
115331
115335
115336
115345
115349
115377
115379
115381
115391
115407
115409
115410
115412
115413
115414
115420
115452
115457
115467
115484
115485
115493
115509
115517
115525
115527
115537
115545
115560
115567
115568
115571
115574
115576
115582
115587
115591
115598
115606
115615
115629
115633
115638
115641
115642
115659
115675
115687
115701
115703
115707
115708
115724
115734
115749
115752
115764
115780
115796
115812
115819
115831
115866
115869
115873
115879
115902
115904
115906
115910
115912
115927
115947
115962
115966
115971
115973
115979
115987
115996
115999
116000
116009
116024
116031
116042
116053
116054
116062
116075
116082
116094
116097
116100
116103
116106
116107
116114
116130
116139
116142
116153
116157
116168
116173
116180
116192
116194
116209
116210
116211
116237
116244
116255
116259
116264
116265
116269
116271
116273
116279
116300
116307
116311
116348
116355
116356
116369
116375
116387
116390
116404
116405
116409
116418
116450
116455
116456
116460
116461
116471
116487
116492
116504
116508
116509
116510
116519
116525
116533
116535
116543
116546
116548
116549
116562
116576
116582
116584
116590
116592
116593
116603
116614
116615
116621
116627
116629
116632
116637
116656
116658
116666
116676
116677
116691
116693
116699
116704
116722
116731
116733
116737
116741
116743
116745
116747
116748
116768
116774
116780
116794
116800
116805
116811
116812
116823
116830
116847
116863
116876
116877
116883
116892
116902
116905
116906
116918
116940
116953
116966
116986
116992
117004
117023
117062
117064
117070
117077
117079
117081
117114
117117
117119
117137
117139
117149
117153
117163
117166
117167
117176
117177
117197
117209
117225
117239
117246
117252
117254
117258
117263
117268
117278
117290
117297
117304
117319
117327
117330
117334
117338
117344
117350
117357
117365
117371
117376
117390
117397
117411
117416
117420
117422
117437
117438
117443
117444
117465
117484
117495
117496
117503
117511
117513
117516
117526
117527
117529
117540
117565
117572
117593
117598
117605
117612
117617
117634
117649
117655
117657
117660
117662
117671
117677
117690
117696
117720
117727
117730
117731
117733
117738
117742
117744
117763
117771
117777
117778
117784
117793
117795
117798
117809
117821
117830
117839
117840
117846
117884
117888
117889
117902
117913
117920
117930
117933
117935
117956
117962
117977
117980
117984
117985
117988
117994
117997
117998
118019
118028
118033
118037
118038
118046
118055
118075
118077
118079
118087
118093
118099
118100
118111
118113
118133
118140
118150
118154
118175
118178
118179
118205
118231
118232
118234
118236
118242
118268
118285
118288
118291
118301
118328
118332
118334
118354
118368
118373
118375
118376
118387
118394
118406
118414
118417
118437
118441
118449
118455
118470
118473
118486
118513
118533
118560
118568
118574
118577
118584
118586
118603
118621
118623
118626
118631
118642
118643
118660
118663
118683
118690
118692
118697
118701
118716
118720
118722
118737
118744
118747
118753
118780
118793
118797
118829
118832
118845
118847
118848
118855
118863
118874
118879
118882
118900
118904
118907
118908
118915
118924
118959
118965
118990
118994
119032
119060
119062
119067
119072
119096
119102
119134
119136
119138
119155
119156
119161
119166
119173
119174
119189
119190
119196
119197
119198
119227
119229
119239
119246
119256
119265
119272
119276
119297
119313
119333
119342
119348
119355
119364
119368
119369
119384
119389
119392
119406
119415
119422
119424
119425
119426
119431
119441
119453
119471
119490
119491
119496
119499
119522
119525
119539
119540
119546
119556
119569
119586
119588
119595
119603
119609
119610
119619
119632
119636
119640
119650
119665
119668
119675
119679
119682
119685
119693
119730
119731
119738
119762
119765
119766
119774
119789
119797
119798
119809
119813
119815
119831
119835
119836
119845
119847
119850
119852
119862
119873
119890
119906
119913
119925
119943
119946
119951
119958
119982
120014
120019
120026
120034
120042
120047
120050
120058
120061
120068
120076
120079
120085
120091
120105
120108
120116
120131
120142
120146
120147
120190
120199
120203
120216
120225
120241
120257
120270
120272
120275
120277
120307
120329
120334
120336
120358
120376
120382
120391
120400
120401
120406
120419
120428
120430
120450
120491
120508
120512
120522
120531
120551
120561
120563
120569
120591
120598
120602
120614
120618
120620
120633
120638
120644
120649
120654
120662
120673
120678
120680
120681
120686
120693
120695
120704
120738
120744
120747
120757
120764
120790
120797
120803
120813
120815
120825
120831
120848
120856
120862
120866
120867
120874
120902
120913
120914
120920
120925
120927
120936
120940
120953
120956
120963
120965
120974
120980
120989
120994
121044
121058
121070
121083
121086
121097
121104
121107
121139
121147
121156
121166
121186
121193
121194
121205
121210
121240
121249
121273
121299
121304
121313
121315
121318
121324
121344
121357
121362
121363
121372
121388
121390
121392
121399
121417
121421
121422
121427
121435
121462
121463
121465
121468
121476
121483
121488
121492
121504
121510
121524
121532
121551
121552
121553
121557
121578
121601
121625
121629
121634
121638
121643
121665
121668
121679
121708
121725
121728
121730
121737
121744
121752
121754
121756
121757
121765
121769
121770
121771
121798
121802
121807
121820
121833
121850
121883
121892
121893
121911
121912
121913
121920
121936
121937
121940
121960
121980
121995
121998
122000
122002
122009
122016
122019
122025
122028
122038
122042
122047
122048
122051
122054
122060
122068
122073
122087
122089
122112
122140
122146
122162
122166
122191
122214
122228
122229
122239
122246
122251
122252
122253
122274
122275
122302
122308
122311
122315
122322
122325
122335
122342
122343
122344
122354
122363
122392
122397
122408
122417
122421
122438
122443
122459
122467
122483
122487
122489
122492
122510
122513
122514
122520
122522
122525
122531
122548
122552
122562
122570
122592
122600
122602
122606
122643
122660
122664
122672
122673
122678
122699
122702
122703
122709
122713
122733
122742
122746
122748
122749
122759
122762
122775
122777
122779
122780
122781
122783
122787
122790
122799
122819
122821
122840
122847
122856
122862
122885
122888
122915
122920
122926
122948
122952
122958
122969
122975
122984
122988
122994
122999
123004
123017
123026
123048
123065
123075
123081
123102
123115
123126
123128
123129
123139
123177
123183
123194
123203
123204
123210
123211
123222
123223
123230
123233
123245
123251
123259
123260
123267
123270
123282
123296
123312
123314
123319
123324
123326
123331
123341
123342
123364
123365
123372
123390
123393
123397
123404
123410
123418
123421
123448
123453
123461
123469
123475
123490
123491
123500
123508
123510
123527
123530
123533
123545
123560
123566
123577
123593
123605
123609
123635
123638
123656
123666
123669
123683
123688
123690
123707
123723
123733
123736
123740
123742
123744
123755
123760
123763
123766
123768
123769
123807
123822
123828
123840
123842
123847
123856
123857
123864
123870
123873
123874
123880
123903
123919
123924
123938
123940
123944
123948
123973
123976
123982
123983
123984
123998
124003
124013
124027
124036
124040
124049
124056
124058
124076
124095
124096
124102
124107
124126
124136
124150
124159
124200
124201
124221
124237
124246
124262
124268
124271
124278
124290
124294
124295
124317
124329
124344
124350
124364
124366
124378
124381
124389
124392
124393
124398
124422
124425
124436
124443
124445
124447
124453
124458
124464
124477
124481
124494
124501
124504
124518
124526
124535
124542
124547
124549
124550
124554
124561
124592
124595
124597
124598
124599
124601
124604
124605
124607
124615
124616
124620
124621
124626
124638
124649
124650
124653
124687
124707
124712
124730
124733
124737
124744
124748
124751
124753
124787
124788
124817
124837
124843
124845
124847
124852
124860
124864
124882
124893
124899
124917
124925
124926
124931
124937
124947
124953
124959
124962
124978
124979
124983
124985
125003
125032
125038
125040
125047
125069
125070
125086
125097
125108
125117
125152
125165
125181
125192
125204
125218
125221
125223
125227
125233
125249
125256
125261
125274
125282
125286
125300
125312
125322
125357
125376
125393
125398
125411
125422
125436
125438
125441
125470
125475
125490
125507
125509
125510
125517
125522
125530
125542
125551
125555
125560
125584
125593
125595
125597
125604
125612
125614
125620
125626
125632
125636
125646
125648
125663
125666
125703
125705
125709
125724
125745
125751
125761
125765
125770
125779
125783
125817
125819
125820
125821
125829
125830
125840
125841
125853
125854
125859
125883
125900
125914
125920
125922
125926
125933
125935
125957
125959
125970
125975
125978
125987
125989
125991
126000
126002
126012
126015
126017
126036
126039
126043
126052
126053
126054
126109
126113
126116
126123
126133
126141
126175
126197
126208
126211
126213
126224
126234
126239
126247
126255
126258
126260
126294
126301
126305
126309
126312
126338
126344
126346
126348
126358
126387
126390
126402
126405
126406
126414
126422
126427
126431
126442
126451
126452
126453
126456
126462
126472
126479
126513
126517
126525
126533
126534
126553
126555
126563
126579
126581
126587
126609
126615
126622
126625
126629
126630
126633
126639
126642
126656
126660
126676
126679
126689
126693
126696
126712
126729
126780
126792
126796
126799
126806
126809
126810
126811
126812
126821
126822
126825
126847
126849
126852
126853
126874
126875
126880
126886
126897
126909
126916
126924
126929
126935
126944
126952
126973
126983
126985
127009
127014
127019
127024
127029
127039
127042
127045
127049
127061
127072
127082
127085
127097
127131
127133
127134
127135
127154
127166
127187
127191
127199
127201
127235
127249
127251
127252
127270
127271
127287
127288
127289
127293
127299
127307
127310
127325
127333
127340
127345
127364
127371
127382
127398
127414
127422
127428
127431
127445
127449
127463
127466
127473
127477
127479
127486
127490
127508
127525
127529
127538
127559
127573
127577
127578
127594
127601
127612
127624
127628
127659
127662
127664
127670
127672
127677
127682
127694
127711
127716
127734
127739
127752
127759
127763
127771
127781
127786
127798
127799
127832
127835
127839
127849
127856
127862
127864
127868
127878
127900
127902
127905
127909
127917
127925
127941
127955
127967
127968
127971
127981
127996
128002
128004
128006
128011
128024
128027
128029
128046
128049
128060
128072
128074
128079
128096
128100
128102
128118
128151
128152
128153
128163
128164
128167
128181
128185
128188
128189
128201
128231
128249
128253
128257
128258
128283
128290
128305
128326
128328
128340
128356
128372
128375
128379
128380
128384
128394
128401
128403
128419
128449
128455
128483
128497
128508
128518
128532
128572
128595
128600
128607
128610
128612
128625
128648
128659
128664
128676
128677
128683
128743
128753
128765
128773
128783
128790
128804
128807
128816
128820
128828
128838
128839
128840
128847
128877
128880
128885
128900
128901
128909
128911
128925
128932
128937
128946
128956
128960
128964
128971
128972
128973
128988
128990
129007
129009
129010
129012
129013
129020
129029
129030
129033
129041
129042
129067
129069
129071
129075
129082
129086
129087
129094
129107
129132
129134
129139
129153
129165
129175
129178
129182
129184
129205
129208
129227
129230
129244
129245
129273
129274
129275
129278
129280
129281
129284
129288
129292
129320
129327
129335
129346
129374
129386
129405
129410
129415
129446
129462
129467
129471
129486
129492
129495
129501
129511
129608
129611
129630
129635
129653
129654
129656
129659
129667
129682
129687
129688
129702
129740
129760
129766
129770
129793
129796
129807
129813
129819
129836
129845
129858
129877
129899
129913
129919
129933
129959
129984
129996
129998
130006
130014
130033
130052
130055
130069
130070
130082
130100
130106
130110
130121
130127
130135
130144
130148
130156
130161
130165
130167
130192
130209
130213
130230
130236
130242
130243
130258
130275
130278
130330
130334
130337
130368
130379
130380
130386
130388
130394
130395
130417
130424
130425
130428
130431
130449
130450
130460
130469
130480
130481
130498
130522
130535
130539
130540
130590
130592
130593
130599
130601
130605
130612
130615
130622
130626
130641
130659
130678
130705
130713
130715
130726
130728
130735
130749
130752
130755
130759
130762
130793
130795
130803
130810
130811
130816
130818
130823
130824
130834
130835
130844
130852
130856
130857
130858
130862
130876
130896
130902
130903
130915
130919
130947
130949
130953
130960
130965
130972
130975
130991
130993
131001
131003
131014
131022
131033
131067
131071
131075
131086
131091
131093
131100
131113
131115
131116
131139
131145
131151
131153
131156
131162
131171
131172
131180
131186
131226
131228
131241
131259
131263
131266
131267
131269
131289
131292
131293
131294
131295
131310
131326
131332
131347
131358
131360
131368
131380
131388
131414
131417
131418
131422
131429
131440
131448
131449
131460
131465
131473
131474
131477
131480
131481
131492
131495
131506
131508
131531
131547
131551
131559
131593
131596
131602
131637
131649
131660
131691
131693
131707
131714
131718
131719
131733
131735
131744
131764
131767
131774
131776
131777
131783
131793
131795
131807
131809
131813
131819
131820
131826
131832
131833
131836
131838
131845
131851
131853
131859
131865
131877
131936
131946
131947
131954
131960
131967
131973
131977
131993
132012
132040
132045
132049
132056
132059
132071
132080
132083
132088
132096
132100
132104
132106
132110
132146
132155
132165
132175
132195
132198
132221
132227
132232
132233
132234
132257
132269
132288
132290
132292
132293
132300
132307
132322
132325
132329
132338
132349
132351
132352
132357
132361
132365
132374
132385
132386
132402
132427
132432
132439
132442
132444
132445
132460
132470
132490
132495
132498
132500
132532
132538
132543
132546
132563
132572
132577
132591
132594
132602
132604
132607
132609
132617
132629
132631
132640
132643
132648
132654
132666
132672
132683
132695
132718
132722
132728
132742
132747
132752
132763
132765
132777
132790
132794
132807
132817
132829
132832
132838
132853
132855
132856
132864
132871
132876
132882
132890
132891
132897
132900
132904
132910
132911
132923
132930
132934
132947
132953
132961
132969
132973
132977
132981
133028
133037
133042
133045
133051
133072
133080
133102
133110
133126
133128
133136
133139
133151
133160
133161
133165
133169
133183
133184
133186
133189
133190
133191
133199
133200
133209
133213
133226
133235
133249
133251
133258
133266
133279
133295
133313
133323
133324
133325
133339
133345
133355
133361
133365
133370
133385
133389
133392
133418
133428
133434
133440
133452
133455
133462
133465
133472
133484
133486
133517
133539
133540
133551
133577
133579
133580
133583
133598
133607
133618
133628
133667
133682
133695
133697
133718
133732
133734
133751
133752
133766
133771
133779
133801
133802
133812
133815
133829
133837
133849
133851
133855
133869
133874
133883
133888
133889
133895
133896
133899
133901
133906
133910
133917
133923
133927
133929
133935
133949
133952
133953
133965
133984
133985
134002
134011
134014
134015
134046
134050
134064
134081
134106
134107
134116
134128
134136
134140
134141
134142
134152
134163
134195
134215
134220
134234
134249
134255
134269
134276
134282
134283
134287
134305
134307
134313
134316
134321
134332
134336
134345
134357
134358
134362
134369
134375
134390
134420
134421
134423
134434
134461
134466
134474
134479
134500
134515
134517
134518
134524
134552
134556
134557
134559
134565
134568
134575
134595
134601
134602
134612
134625
134628
134631
134647
134655
134665
134686
134693
134717
134724
134730
134746
134750
134761
134762
134765
134770
134785
134790
134792
134803
134816
134818
134835
134838
134841
134842
134844
134866
134867
134869
134886
134887
134896
134897
134906
134910
134919
134929
134943
134984
134989
134995
134996
135010
135012
135018
135032
135038
135040
135041
135055
135057
135080
135083
135091
135092
135097
135105
135107
135114
135115
135127
135137
135139
135145
135157
135163
135166
135184
135189
135196
135202
135205
135207
135210
135228
135232
135235
135240
135246
135257
135259
135269
135277
135282
135283
135324
135344
135352
135356
135358
135387
135394
135398
135426
135446
135461
135465
135467
135469
135473
135478
135483
135484
135486
135487
135492
135494
135499
135511
135584
135593
135595
135604
135629
135634
135636
135650
135658
135663
135664
135666
135670
135673
135682
135686
135694
135700
135718
135733
135737
135748
135754
135755
135759
135761
135771
135780
135787
135793
135796
135801
135802
135811
135821
135856
135869
135872
135884
135900
135911
135914
135922
135928
135950
135956
135957
135959
135975
135978
135986
136000
136003
136016
136017
136028
136033
136036
136044
136047
136062
136066
136074
136075
136086
136090
136115
136116
136142
136155
136170
136192
136193
136210
136223
136238
136239
136249
136263
136275
136285
136286
136307
136311
136318
136322
136325
136327
136340
136346
136347
136357
136360
136363
136384
136388
136404
136405
136408
136416
136425
136427
136447
136457
136465
136471
136475
136496
136499
136500
136507
136512
136537
136541
136552
136553
136561
136583
136588
136596
136607
136612
136619
136626
136632
136660
136671
136677
136683
136688
136701
136711
136717
136725
136728
136740
136744
136768
136774
136780
136808
136816
136817
136820
136826
136829
136834
136836
136837
136845
136854
136872
136883
136889
136890
136894
136910
136913
136920
136921
136933
136936
136943
136952
136955
136956
136962
136965
136972
136989
136991
136992
136998
137014
137029
137045
137065
137077
137092
137095
137115
137119
137139
137148
137151
137152
137157
137166
137167
137168
137173
137178
137181
137187
137189
137191
137194
137201
137206
137211
137218
137224
137229
137232
137243
137263
137272
137274
137276
137311
137314
137321
137327
137356
137364
137368
137370
137385
137396
137399
137406
137409
137412
137417
137418
137423
137431
137432
137441
137449
137491
137499
137503
137518
137521
137564
137569
137580
137595
137630
137639
137650
137654
137656
137664
137681
137683
137693
137712
137717
137725
137744
137767
137770
137793
137794
137796
137798
137810
137811
137817
137819
137854
137856
137858
137867
137870
137875
137882
137897
137901
137903
137906
137916
137921
137931
137952
137957
137963
137967
137968
137970
137984
137997
137998
138000
138016
138026
138032
138049
138052
138059
138062
138064
138070
138071
138073
138074
138087
138089
138091
138094
138099
138100
138114
138127
138129
138137
138138
138151
138155
138177
138201
138202
138205
138212
138223
138233
138246
138256
138259
138279
138289
138291
138300
138306
138314
138321
138323
138333
138338
138355
138357
138359
138381
138382
138383
138394
138411
138420
138430
138437
138441
138447
138455
138456
138462
138468
138477
138492
138499
138502
138521
138523
138524
138530
138533
138539
138570
138592
138595
138597
138602
138606
138609
138612
138614
138619
138620
138621
138642
138644
138647
138648
138664
138676
138677
138683
138684
138695
138697
138709
138711
138716
138727
138731
138732
138733
138740
138744
138745
138750
138774
138784
138818
138819
138822
138827
138828
138830
138833
138835
138839
138840
138847
138849
138854
138868
138893
138917
138942
138950
138952
138960
138963
138966
138967
138990
138997
139004
139012
139035
139049
139064
139065
139073
139095
139099
139104
139108
139121
139125
139127
139131
139134
139145
139148
139149
139154
139157
139159
139200
139202
139212
139232
139233
139236
139238
139244
139251
139255
139256
139260
139262
139268
139276
139277
139295
139297
139298
139301
139305
139306
139307
139322
139328
139330
139343
139344
139348
139357
139358
139360
139377
139400
139443
139449
139457
139459
139465
139467
139478
139488
139489
139494
139495
139496
139500
139501
139503
139522
139523
139528
139546
139561
139571
139572
139595
139597
139601
139617
139638
139640
139657
139675
139680
139682
139683
139698
139706
139709
139712
139723
139732
139771
139800
139802
139808
139812
139818
139824
139835
139839
139844
139855
139858
139890
139909
139916
139918
139921
139922
139927
139931
139939
139947
139958
139963
139966
139970
139977
139981
139993
139996
140012
140016
140021
140033
140039
140046
140049
140070
140075
140078
140081
140086
140097
140110
140130
140134
140142
140150
140151
140152
140157
140165
140169
140175
140179
140182
140185
140204
140218
140224
140225
140255
140256
140258
140264
140265
140266
140269
140279
140289
140295
140309
140320
140329
140331
140336
140346
140352
140359
140369
140371
140379
140402
140407
140409
140414
140425
140436
140447
140465
140466
140472
140477
140515
140520
140524
140528
140544
140551
140553
140557
140565
140588
140590
140595
140630
140637
140645
140651
140653
140655
140664
140665
140681
140691
140695
140711
140720
140729
140734
140739
140743
140767
140778
140785
140787
140797
140804
140810
140811
140867
140900
140901
140911
140918
140927
140940
140949
140969
140975
140977
140980
140981
140988
140992
140993
141006
141013
141014
141020
141022
141031
141038
141049
141066
141073
141083
141089
141090
141098
141109
141113
141130
141133
141134
141144
141145
141146
141149
141151
141152
141165
141174
141176
141177
141183
141193
141202
141210
141223
141226
141228
141232
141235
141264
141267
141270
141282
141288
141292
141299
141302
141312
141316
141321
141325
141331
141342
141354
141361
141363
141371
141389
141401
141409
141416
141434
141442
141454
141465
141472
141477
141478
141490
141491
141494
141505
141510
141517
141524
141530
141532
141545
141577
141580
141583
141599
141601
141608
141609
141617
141643
141647
141651
141664
141678
141688
141693
141703
141715
141720
141729
141732
141736
141738
141742
141769
141784
141785
141799
141805
141808
141825
141833
141847
141849
141855
141865
141866
141900
141906
141909
141914
141920
141937
141948
141950
141951
141958
141966
141972
141974
141987
142004
142005
142012
142030
142031
142050
142060
142062
142081
142086
142089
142098
142101
142106
142108
142112
142114
142133
142134
142139
142140
142143
142144
142159
142161
142164
142178
142183
142192
142193
142200
142231
142242
142247
142261
142262
142265
142272
142279
142284
142285
142290
142295
142303
142312
142313
142316
142321
142343
142350
142356
142361
142362
142396
142398
142408
142409
142423
142427
142432
142440
142465
142469
142470
142483
142489
142499
142503
142504
142506
142507
142514
142515
142534
142541
142547
142548
142552
142567
142572
142582
142589
142601
142609
142610
142621
142622
142625
142633
142644
142648
142658
142672
142690
142709
142714
142723
142736
142744
142746
142752
142759
142761
142768
142779
142787
142792
142802
142803
142806
142812
142822
142825
142827
142833
142850
142863
142869
142871
142873
142887
142891
142892
142893
142894
142927
142949
142952
142955
142962
142989
142996
142998
143000
143012
143017
143046
143051
143068
143081
143083
143089
143105
143109
143118
143129
143161
143162
143173
143175
143183
143186
143197
143207
143218
143221
143226
143233
143234
143239
143250
143257
143262
143263
143267
143278
143286
143290
143292
143296
143303
143305
143306
143313
143323
143326
143331
143332
143333
143347
143353
143368
143376
143385
143386
143412
143415
143419
143427
143450
143455
143475
143477
143483
143484
143485
143501
143503
143509
143512
143517
143534
143538
143548
143559
143565
143567
143582
143583
143586
143588
143624
143646
143652
143659
143661
143662
143671
143676
143687
143696
143699
143709
143711
143728
143731
143737
143746
143757
143758
143764
143776
143796
143801
143805
143809
143815
143820
143839
143842
143853
143857
143861
143865
143869
143885
143891
143896
143902
143910
143912
143925
143926
143927
143929
143933
143937
143939
143968
143970
143973
143978
143979
143982
143986
143996
143999
144003
144006
144009
144015
144020
144024
144026
144031
144034
144037
144062
144064
144079
144084
144091
144092
144096
144102
144112
144121
144144
144153
144158
144163
144166
144171
144173
144176
144191
144196
144203
144211
144228
144241
144242
144244
144252
144255
144256
144258
144262
144271
144279
144285
144298
144300
144303
144304
144308
144313
144319
144326
144330
144338
144345
144350
144359
144361
144365
144366
144385
144397
144417
144421
144425
144452
144455
144459
144466
144485
144500
144501
144502
144510
144525
144529
144532
144543
144546
144547
144562
144563
144571
144572
144579
144583
144590
144591
144592
144598
144601
144608
144609
144614
144625
144628
144632
144647
144653
144656
144664
144666
144672
144674
144681
144690
144695
144707
144712
144715
144718
144730
144735
144739
144742
144746
144779
144783
144793
144795
144796
144802
144808
144812
144830
144834
144841
144842
144846
144870
144874
144886
144888
144895
144908
144920
144949
144958
144965
144969
144973
144974
144982
144999
145005
145022
145030
145035
145040
145058
145065
145069
145074
145076
145078
145083
145086
145090
145103
145112
145120
145121
145126
145130
145144
145150
145157
145173
145179
145184
145188
145190
145196
145202
145204
145212
145214
145221
145225
145227
145236
145241
145245
145246
145248
145249
145252
145253
145274
145277
145279
145307
145321
145323
145325
145341
145348
145352
145359
145360
145362
145365
145366
145369
145370
145371
145383
145389
145391
145424
145449
145450
145451
145461
145462
145489
145494
145519
145530
145532
145536
145542
145544
145565
145568
145572
145575
145588
145589
145599
145607
145612
145613
145614
145615
145618
145627
145635
145644
145663
145664
145665
145680
145682
145686
145689
145697
145707
145715
145718
145730
145743
145752
145760
145762
145764
145765
145768
145794
145801
145805
145823
145830
145836
145839
145842
145855
145866
145871
145874
145877
145886
145889
145899
145904
145905
145926
145931
145932
145938
145949
145953
145961
145964
145965
145968
145971
145972
145976
145981
145982
145986
145995
145999
146006
146014
146015
146017
146022
146027
146044
146051
146062
146078
146082
146090
146096
146101
146107
146126
146133
146134
146141
146160
146171
146174
146183
146206
146207
146213
146215
146216
146224
146238
146245
146248
146254
146256
146257
146258
146263
146275
146288
146299
146302
146310
146337
146347
146348
146352
146365
146370
146372
146374
146381
146382
146387
146404
146421
146425
146434
146439
146449
146451
146457
146458
146465
146467
146473
146478
146486
146490
146497
146504
146509
146516
146529
146537
146549
146557
146559
146568
146599
146602
146613
146614
146620
146639
146644
146649
146653
146658
146672
146674
146676
146689
146723
146726
146740
146746
146747
146750
146752
146763
146774
146777
146778
146783
146792
146799
146805
146812
146815
146816
146834
146843
146848
146852
146860
146863
146886
146887
146896
146900
146907
146908
146910
146920
146922
146926
146933
146936
146938
146943
146956
146959
146961
146962
146963
146968
146969
146970
146971
146978
146982
146989
146991
146998
147000
147006
147012
147018
147020
147021
147027
147032
147045
147052
147053
147054
147058
147059
147071
147075
147076
147095
147107
147108
147116
147117
147121
147126
147127
147128
147135
147152
147154
147160
147166
147171
147187
147190
147197
147198
147206
147212
147214
147229
147232
147233
147249
147251
147259
147260
147267
147268
147269
147283
147296
147312
147313
147314
147320
147333
147337
147343
147349
147359
147365
147381
147384
147387
147388
147397
147407
147413
147416
147423
147437
147454
147466
147473
147480
147481
147487
147490
147492
147495
147500
147505
147519
147529
147534
147535
147545
147547
147554
147573
147575
147576
147577
147587
147596
147600
147604
147611
147622
147625
147634
147638
147645
147647
147659
147673
147674
147690
147692
147698
147710
147711
147714
147720
147721
147734
147741
147752
147766
147775
147791
147798
147801
147808
147810
147811
147831
147832
147858
147859
147865
147874
147875
147885
147892
147894
147899
147906
147908
147924
147953
147956
147959
147963
147966
147990
147998
148001
148010
148013
148019
148032
148037
148043
148050
148062
148064
148074
148078
148094
148114
148124
148130
148135
148140
148150
148157
148163
148169
148176
148187
148197
148201
148208
148219
148225
148229
148233
148237
148241
148242
148251
148252
148260
148269
148276
148278
148284
148287
148292
148315
148321
148323
148324
148329
148334
148337
148338
148340
148349
148353
148366
148367
148405
148418
148420
148423
148424
148436
148437
148441
148452
148456
148464
148468
148470
148474
148482
148490
148499
148503
148507
148508
148512
148519
148526
148530
148533
148553
148568
148572
148581
148588
148604
148615
148617
148623
148625
148632
148648
148652
148658
148667
148668
148669
148679
148687
148691
148704
148716
148744
148747
148749
148751
148752
148755
148757
148759
148760
148764
148766
148772
148773
148776
148778
148790
148795
148796
148803
148809
148822
148833
148834
148838
148839
148842
148850
148864
148868
148869
148872
148881
148887
148891
148898
148906
148910
148916
148918
148923
148926
148933
148942
148943
148947
148954
148956
148964
148978
148982
148983
148985
148986
148995
148997
149004
149009
149023
149030
149031
149040
149042
149043
149061
149068
149070
149085
149092
149093
149096
149102
149120
149140
149144
149152
149163
149164
149171
149175
149177
149180
149187
149189
149200
149207
149211
149212
149215
149238
149251
149254
149263
149264
149265
149266
149280
149283
149289
149293
149295
149298
149299
149305
149310
149311
149315
149316
149332
149343
149355
149378
149383
149384
149385
149396
149398
149413
149418
149426
149427
149431
149432
149440
149444
149448
149449
149462
149472
149480
149500
149503
149505
149510
149525
149541
149542
149556
149558
149559
149572
149573
149594
149599
149601
149609
149618
149619
149622
149626
149627
149652
149653
149654
149656
149666
149671
149688
149708
149711
149723
149724
149737
149745
149754
149755
149760
149770
149774
149776
149777
149783
149793
149796
149797
149801
149802
149807
149809
149813
149829
149847
149848
149853
149855
149858
149865
149872
149874
149876
149882
149884
149887
149888
149896
149905
149917
149926
149933
149940
149942
149945
149963
149972
149973
149978
149981
149982
149985
149990
149994
150002
150003
150019
150028
150031
150041
150042
150048
150053
150054
150062
150063
150066
150069
150074
150077
150082
150086
150092
150109
150111
150115
150121
150122
150125
150131
150136
150144
150148
150158
150159
150160
150164
150174
150180
150191
150205
150208
150211
150221
150230
150238
150247
150249
150271
150272
150277
150279
150285
150297
150306
150307
150311
150316
150323
150335
150363
150374
150375
150386
150393
150397
150399
150404
150418
150434
150438
150446
150462
150465
150468
150471
150473
150483
150494
150497
150501
150510
150513
150514
150521
150524
150532
150538
150540
150556
150558
150559
150560
150569
150571
150574
150575
150600
150605
150608
150611
150614
150633
150643
150664
150665
150666
150685
150693
150695
150700
150708
150725
150738
150742
150746
150747
150749
150752
150757
150758
150767
150779
150781
150783
150787
150794
150800
150801
150818
150819
150834
150836
150842
150859
150860
150864
150870
150871
150880
150881
150889
150898
150900
150915
150919
150936
150946
150949
150952
150964
150974
150983
151017
151028
151030
151031
151035
151040
151044
151047
151051
151057
151064
151067
151071
151080
151103
151106
151107
151108
151110
151119
151154
151157
151159
151173
151174
151176
151178
151189
151196
151207
151208
151210
151214
151220
151224
151229
151244
151247
151249
151257
151259
151268
151272
151277
151278
151281
151286
151290
151293
151297
151300
151302
151306
151314
151325
151326
151336
151340
151341
151343
151347
151362
151365
151378
151384
151390
151397
151400
151402
151409
151413
151423
151432
151435
151447
151451
151453
151460
151468
151497
151499
151500
151511
151520
151528
151536
151539
151548
151559
151567
151576
151581
151590
151592
151608
151622
151624
151627
151631
151632
151661
151664
151665
151678
151680
151681
151683
151696
151702
151703
151709
151718
151726
151729
151731
151733
151746
151748
151750
151752
151767
151773
151774
151779
151790
151816
151820
151838
151843
151847
151848
151850
151854
151855
151856
151863
151880
151889
151891
151897
151900
151908
151926
151927
151936
151947
151952
151955
151971
151978
151984
151985
152002
152005
152009
152012
152018
152019
152033
152036
152041
152046
152054
152055
152062
152063
152067
152071
152076
152087
152095
152098
152106
152115
152122
152124
152127
152133
152135
152141
152142
152143
152147
152150
152154
152155
152156
152171
152173
152188
152195
152201
152202
152213
152214
152216
152224
152225
152227
152229
152230
152234
152241
152243
152245
152247
152267
152268
152274
152276
152282
152283
152287
152300
152312
152330
152331
152339
152341
152345
152358
152362
152380
152389
152391
152393
152394
152395
152398
152404
152408
152414
152418
152424
152428
152433
152436
152446
152449
152450
152451
152458
152465
152468
152471
152476
152482
152484
152486
152492
152498
152499
152500
152506
152507
152508
152509
152523
152533
152538
152540
152543
152545
152565
152574
152576
152582
152584
152586
152587
152588
152592
152602
152604
152605
152607
152608
152629
152642
152651
152658
152663
152665
152666
152672
152677
152678
152683
152688
152701
152703
152709
152720
152722
152724
152727
152731
152738
152740
152755
152758
152760
152770
152773
152774
152795
152803
152806
152814
152815
152818
152819
152831
152832
152850
152859
152869
152875
152876
152882
152887
152891
152892
152902
152903
152904
152905
152919
152926
152930
152935
152944
152945
152951
152954
152963
152980
152985
152989
152991
152994
153011
153014
153023
153034
153036
153038
153041
153046
153047
153064
153073
153075
153078
153081
153082
153086
153094
153097
153099
153103
153109
153118
153119
153120
153121
153127
153134
153157
153158
153159
153175
153187
153201
153206
153207
153208
153211
153214
153216
153220
153221
153228
153244
153250
153251
153252
153263
153265
153271
153275
153285
153287
153293
153298
153306
153308
153309
153319
153320
153321
153324
153327
153336
153338
153348
153363
153365
153382
153383
153390
153397
153408
153413
153418
153420
153424
153432
153436
153438
153442
153448
153450
153456
153459
153461
153462
153463
153466
153477
153481
153486
153488
153491
153499
153506
153508
153509
153516
153521
153536
153539
153546
153550
153553
153557
153564
153571
153575
153584
153592
153596
153601
153606
153607
153610
153618
153620
153621
153636
153639
153645
153647
153650
153652
153656
153660
153662
153667
153672
153680
153685
153687
153695
153703
153705
153706
153708
153715
153716
153718
153726
153731
153739
153740
153749
153757
153770
153773
153774
153788
153792
153795
153797
153805
153810
153812
153814
153817
153823
153827
153829
153838
153839
153843
153848
153860
153869
153875
153878
153880
153881
153883
153885
153892
153895
153897
153898
153899
153901
153903
153904
153912
153919
153921
153951
153966
153967
153975
153980
153983
153984
153985
153987
153989
153997
154002
154005
154007
154014
154019
154024
154032
154034
154036
154039
154051
154056
154059
154063
154068
154070
154075
154078
154082
154093
154102
154106
154108
154120
154136
154140
154146
154150
154151
154153
154160
154162
154169
154172
154174
154175
154178
154179
154180
154187
154189
154192
154194
154197
154199
154202
154216
154220
154227
154228
154244
154255
154266
154280
154293
154299
154306
154310
154315
154321
154325
154344
154345
154347
154358
154359
154364
154365
154366
154369
154375
154376
154377
154379
154380
154390
154396
154402
154412
154414
154423
154425
154434
154440
154448
154452
154453
154456
154459
154461
154464
154474
154475
154476
154484
154485
154500
154507
154508
154526
154527
154531
154533
154535
154549
154554
154555
154558
154560
154561
154570
154577
154581
154585
154592
154606
154611
154613
154616
154618
154620
154633
154652
154658
154662
154668
154670
154673
154677
154680
154686
154695
154703
154713
154714
154716
154719
154720
154723
154735
154739
154741
154745
154754
154758
154761
154765
154767
154775
154780
154781
154783
154787
154803
154819
154823
154825
154832
154849
154851
154854
154856
154857
154865
154876
154891
154893
154894
154895
154897
154900
154902
154905
154920
154921
154935
154942
154965
154990
154991
154994
154996
155007
155013
155015
155022
155029
155054
155062
155063
155065
155067
155075
155078
155079
155082
155092
155097
155099
155100
155104
155108
155113
155122
155123
155128
155130
155148
155152
155157
155161
155162
155169
155174
155183
155184
155187
155191
155192
155194
155196
155207
155211
155213
155215
155217
155223
155227
155234
155235
155253
155255
155261
155263
155272
155274
155280
155282
155283
155296
155298
155302
155308
155316
155317
155326
155327
155333
155336
155343
155345
155348
155355
155357
155359
155362
155364
155367
155368
155379
155383
155389
155392
155393
155402
155404
155407
155411
155415
155423
155425
155427
155437
155443
155445
155448
155454
155465
155467
155468
155470
155480
155481
155483
155485
155494
155500
155504
155508
155512
155519
155524
155527
155536
155538
155545
155548
155550
155554
155558
155563
155572
155579
155580
155584
155585
155597
155598
155607
155614
155615
155617
155619
155621
155623
155629
155638
155641
155648
155650
155654
155660
155670
155674
155676
155677
155678
155682
155697
155698
155705
155707
155709
155711
155716
155720
155728
155729
155730
155732
155733
155737
155745
155746
155748
155754
155756
155766
155768
155773
155786
155787
155791
155799
155815
155820
155825
155838
155842
155843
155858
155869
155873
155880
155898
155899
155902
155909
155911
155912
155913
155920
155921
155932
155935
155940
155944
155947
155953
155962
155974
155984
155990
155992
155996
156001
156016
156018
156020
156024
156028
156030
156031
156033
156035
156043
156048
156055
156057
156065
156066
156075
156086
156090
156100
156107
156109
156111
156114
156126
156130
156135
156144
156146
156150
156153
156159
156167
156169
156170
156174
156176
156186
156188
156201
156203
156209
156216
156218
156225
156234
156235
156236
156240
156243
156246
156253
156267
156270
156278
156280
156290
156291
156295
156298
156301
156302
156307
156308
156309
156312
156316
156317
156318
156319
156321
156327
156328
156342
156349
156359
156364
156365
156371
156380
156382
156385
156390
156395
156402
156403
156404
156407
156408
156415
156416
156426
156438
156453
156454
156464
156470
156472
156474
156475
156484
156490
156496
156501
156504
156518
156528
156530
156532
156535
156537
156539
156543
156553
156561
156567
156585
156587
156599
156609
156612
156619
156621
156624
156630
156633
156639
156644
156653
156659
156664
156670
156674
156680
156695
156698
156702
156705
156707
156709
156710
156713
156714
156726
156727
156735
156738
156744
156748
156749
156751
156754
156756
156765
156769
156787
156789
156792
156797
156799
156806
156807
156812
156819
156827
156829
156832
156843
156851
156853
156854
156867
156872
156873
156881
156883
156886
156887
156888
156897
156900
156904
156905
156910
156912
156920
156926
156934
156937
156940
156941
156946
156948
156950
156956
156959
156964
156978
156980
156981
156982
157009
157010
157013
157016
157029
157040
157050
157051
157061
157070
157074
157076
157084
157088
157090
157098
157099
157102
157107
157111
157112
157115
157121
157127
157129
157132
157133
157137
157138
157139
157143
157144
157148
157152
157154
157165
157172
157174
157176
157177
157182
157185
157201
157204
157205
157210
157217
157218
157222
157224
157243
157245
157259
157261
157265
157268
157279
157280
157281
157288
157294
157300
157301
157306
157323
157328
157331
157333
157351
157358
157359
157364
157371
157391
157393
157394
157395
157397
157405
157408
157417
157425
157430
157434
157436
157437
157438
157439
157450
157451
157452
157470
157476
157482
157486
157499
157503
157506
157511
157513
157519
157520
157522
157523
157524
157527
157530
157532
157534
157536
157542
157543
157544
157545
157551
157554
157559
157565
157567
157569
157577
157600
157605
157610
157613
157619
157620
157621
157623
157627
157630
157633
157637
157642
157650
157651
157653
157660
157661
157666
157670
157679
157688
157692
157698
157700
157704
157705
157708
157722
157733
157734
157744
157747
157748
157750
157766
157767
157768
157770
157777
157780
157783
157790
157793
157798
157803
157808
157809
157820
157821
157823
157825
157827
157828
157829
157834
157860
157866
157880
157890
157892
157893
157897
157902
157903
157906
157913
157917
157922
157928
157934
157939
157944
157946
157950
157951
157955
157956
157958
157963
157967
157974
157977
157980
157984
157985
157986
158000
158007
158012
158014
158015
158016
158017
158019
158022
158029
158047
158060
158063
158068
158070
158072
158074
158080
158089
158093
158095
158099
158105
158113
158117
158125
158129
158130
158133
158147
158166
158168
158170
158173
158183
158184
158189
158190
158197
158203
158212
158221
158236
158240
158241
158243
158249
158250
158253
158255
158256
158263
158267
158277
158284
158287
158295
158298
158301
158302
158303
158307
158318
158320
158328
158332
158333
158336
158338
158341
158343
158345
158349
158350
158351
158354
158355
158361
158364
158365
158377
158379
158394
158397
158398
158401
158403
158407
158408
158417
158419
158421
158422
158423
158426
158433
158440
158443
158447
158448
158453
158455
158458
158466
158475
158480
158486
158490
158494
158502
158507
158510
158515
158516
158517
158519
158521
158534
158537
158538
158543
158557
158560
158562
158570
158579
158580
158581
158589
158590
158596
158597
158602
158607
158618
158621
158623
158625
158629
158638
158661
158664
158667
158678
158686
158691
158693
158695
158706
158708
158731
158732
158739
158760
158763
158767
158771
158781
158784
158788
158789
158790
158795
158801
158804
158811
158817
158819
158820
158824
158826
158828
158830
158833
158837
158840
158844
158845
158846
158847
158848
158857
158861
158868
158877
158879
158887
158889
158895
158896
158897
158899
158904
158913
158919
158924
158929
158932
158934
158942
158943
158953
158964
158969
158979
158980
158985
158991
158992
158994
159003
159004
159006
159012
159016
159020
159021
159023
159025
159034
159038
159042
159044
159047
159056
159058
159069
159072
159076
159077
159093
159096
159098
159102
159110
159116
159121
159123
159129
159132
159142
159143
159144
159148
159153
159156
159164
159165
159176
159177
159178
159179
159186
159187
159193
159202
159206
159207
159208
159213
159214
159219
159220
159225
159226
159227
159235
159255
159257
159264
159269
159272
159273
159276
159283
159288
159290
159295
159296
159299
159301
159302
159308
159317
159319
159324
159335
159354
159358
159363
159367
159372
159373
159375
159379
159394
159400
159402
159404
159423
159434
159435
159438
159439
159443
159444
159447
159448
159452
159459
159461
159466
159469
159472
159477
159479
159481
159483
159485
159492
159497
159499
159502
159506
159510
159513
159525
159531
159535
159539
159548
159549
159553
159556
159561
159563
159565
159576
159577
159582
159593
159598
159604
159609
159616
159617
159623
159626
159629
159633
159634
159638
159647
159662
159667
159668
159676
159678
159679
159687
159691
159692
159695
159696
159697
159708
159724
159727
159733
159734
159741
159744
159748
159749
159750
159752
159756
159760
159766
159769
159777
159780
159787
159788
159790
159791
159796
159798
159801
159813
159814
159818
159821
159823
159826
159829
159833
159840
159848
159849
159853
159857
159866
159868
159875
159876
159880
159892
159894
159896
159898
159907
159912
159917
159921
159934
159948
159949
159951
159972
159977
159980
159987
159998
160008
160024
160025
160028
160038
160039
160050
160061
160068
160074
160075
160081
160084
160088
160090
160095
160096
160101
160104
160109
160115
160118
160122
160128
160133
160147
160153
160161
160169
160172
160175
160177
160183
160186
160191
160192
160197
160198
160201
160209
160219
160236
160240
160244
160258
160263
160271
160285
160288
160293
160297
160298
160304
160307
160312
160320
160322
160324
160345
160347
160348
160355
160358
160359
160365
160373
160375
160378
160382
160383
160385
160390
160391
160399
160406
160407
160409
160411
160415
160419
160425
160435
160440
160448
160450
160451
160452
160454
160458
160459
160462
160463
160466
160491
160492
160513
160516
160518
160520
160525
160528
160529
160530
160534
160538
160541
160546
160549
160552
160556
160557
160561
160565
160570
160572
160580
160582
160583
160589
160592
160594
160604
160606
160610
160613
160614
160621
160622
160626
160632
160637
160643
160652
160656
160657
160659
160663
160668
160674
160679
160683
160685
160694
160698
160701
160705
160717
160728
160737
160739
160741
160743
160745
160752
160755
160759
160765
160772
160780
160789
160791
160795
160797
160799
160800
160803
160806
160808
160814
160816
160818
160819
160827
160828
160830
160835
160844
160845
160846
160847
160849
160853
160855
160861
160863
160875
160879
160886
160892
160895
160897
160899
160911
160914
160915
160916
160923
160927
160940
160965
160966
160967
160969
160971
160973
160975
160976
160980
160985
160987
160988
160990
161001
161004
161005
161012
161015
161017
161022
161023
161024
161031
161037
161047
161053
161058
161065
161067
161068
161079
161081
161083
161086
161088
161093
161095
161099
161102
161106
161107
161113
161114
161119
161131
161137
161148
161150
161169
161174
161181
161188
161191
161192
161193
161194
161199
161200
161203
161208
161213
161216
161217
161218
161231
161233
161234
161236
161237
161238
161240
161243
161249
161250
161251
161252
161259
161260
161261
161266
161270
161278
161280
161283
161292
161294
161299
161301
161303
161308
161311
161315
161317
161321
161333
161344
161347
161355
161358
161359
161367
161371
161378
161381
161383
161384
161389
161390
161392
161393
161396
161410
161417
161422
161427
161436
161438
161447
161450
161457
161463
161464
161466
161471
161474
161483
161485
161488
161490
161492
161495
161498
161500
161504
161506
161509
161512
161533
161534
161545
161552
161558
161562
161570
161580
161583
161585
161587
161588
161592
161594
161601
161602
161603
161607
161609
161613
161616
161622
161623
161624
161625
161630
161632
161638
161644
161654
161655
161659
161666
161668
161672
161676
161678
161681
161684
161685
161686
161690
161692
161696
161698
161700
161705
161707
161712
161714
161724
161725
161728
161733
161734
161737
161738
161743
161750
161755
161758
161760
161767
161775
161777
161778
161781
161782
161784
161785
161791
161800
161804
161807
161808
161809
161810
161812
161814
161821
161829
161836
161847
161848
161853
161854
161862
161871
161881
161889
161893
161895
161901
161914
161917
161919
161923
161927
161928
161935
161937
161941
161950
161951
161966
161967
161978
161982
161987
161988
161996
161998
161999
162000
162001
162004
162007
162012
162018
162022
162024
162028
162041
162042
162046
162047
162065
162067
162068
162071
162076
162077
162078
162080
162083
162084
162087
162105
162115
162121
162122
162125
162129
162133
162139
162140
162146
162154
162163
162174
162182
162187
162193
162196
162197
162205
162206
162209
162210
162219
162223
162225
162227
162237
162238
162248
162250
162252
162254
162256
162257
162260
162261
162262
162267
162268
162274
162277
162283
162284
162286
162291
162293
162295
162299
162303
162304
162306
162309
162311
162312
162322
162326
162334
162337
162343
162346
162348
162350
162353
162355
162358
162362
162370
162375
162380
162382
162395
162397
162400
162402
162413
162415
162416
162421
162423
162424
162426
162431
162433
162435
162437
162440
162445
162456
162457
162458
162462
162463
162464
162473
162474
162481
162483
162493
162503
162512
162519
162522
162527
162545
162550
162552
162553
162564
162568
162569
162584
162585
162588
162600
162601
162602
162604
162610
162628
162632
162638
162640
162645
162647
162649
162650
162655
162664
162665
162670
162688
162689
162690
162691
162692
162698
162701
162704
162715
162738
162741
162742
162746
162749
162751
162753
162764
162773
162776
162787
162793
162795
162798
162807
162809
162810
162825
162845
162846
162859
162861
162864
162865
162868
162871
162874
162877
162884
162885
162895
162896
162899
162900
162905
162909
162910
162914
162915
162918
162920
162928
162935
162937
162940
162944
162945
162947
162958
162961
162963
162964
162965
162969
162970
162971
162972
162974
162975
162978
162985
162992
162994
162995
163000
163009
163012
163016
163020
163021
163022
163026
163028
163030
163031
163032
163033
163034
163035
163038
163040
163044
163046
163047
163049
163053
163055
163057
163059
163060
163062
163071
163080
163094
163096
163099
163100
163102
163108
163110
163112
163116
163117
163119
163129
163130
163137
163138
163141
163142
163143
163144
163149
163150
163162
163163
163166
163169
163171
163172
163174
163175
163176
163179
163180
163181
163182
163184
163186
163187
163189
163193
163195
163200
163211
163216
163218
163219
163224
163230
163231
163233
163234
163237
163241
163242
163249
163253
163254
163257
163258
163259
163260
163261
163263
163264
163265
163266
163276
163278
163279
163292
163296
163301
163302
163305
163308
163312
163314
163316
163318
163319
163321
163326
163327
163328
163329
163331
163333
163335
163336
163337
163345
163347
163356
163360
163370
163372
163376
163379
163380
163386
163390
163391
163392
163393
163401
163405
163407
163409
163411
163415
163417
163421
163422
163426
163428
163429
163430
163434
163437
163438
163440
163442
163449
163451
163458
163483
163491
163498
163502
163503
163507
163510
163515
163516
163517
163520
163523
163524
163528
163534
163545
163546
163553
163556
163562
163567
163568
163574
163575
163593
163594
163595
163608
163613
163614
163616
163620
163621
163624
163637
163643
163645
163648
163657
163658
163667
163670
163671
163674
163678
163695
163701
163714
163720
163732
163736
163737
163741
163747
163750
163754
163759
163769
163770
163771
163772
163786
163788
163802
163811
163812
163814
163816
163828
163835
163837
163840
163845
163848
163855
163863
163865
163867
163868
163872
163873
163874
163880
163885
163894
163896
163897
163903
163914
163917
163919
163920
163922
163938
163940
163944
163948
163951
163955
163962
163963
163971
163973
163974
163976
163977
163980
163987
163991
163996
163998
164001
164018
164021
164024
164027
164028
164030
164031
164034
164041
164049
164054
164057
164063
164066
164070
164071
164075
164081
164087
164097
164102
164108
164109
164110
164112
164120
164123
164132
164136
164144
164148
164154
164158
164161
164164
164173
164175
164187
164189
164193
164196
164197
164203
164206
164208
164215
164217
164220
164229
164231
164233
164248
164249
164250
164251
164260
164261
164262
164266
164273
164283
164290
164294
164298
164302
164310
164314
164319
164321
164326
164329
164337
164351
164359
164362
164367
164377
164381
164383
164391
164392
164404
164406
164412
164416
164419
164424
164425
164430
164435
164436
164446
164451
164457
164458
164462
164464
164465
164471
164473
164480
164482
164483
164492
164496
164498
164499
164504
164505
164535
164540
164545
164549
164551
164557
164560
164569
164570
164574
164579
164580
164585
164589
164592
164601
164612
164618
164621
164622
164625
164637
164638
164640
164642
164657
164658
164665
164666
164671
164672
164679
164683
164701
164705
164709
164710
164713
164715
164717
164724
164733
164734
164745
164748
164752
164765
164768
164775
164785
164787
164794
164796
164801
164809
164812
164822
164839
164840
164841
164843
164844
164853
164854
164855
164862
164869
164876
164888
164890
164900
164906
164907
164919
164926
164927
164928
164930
164934
164935
164954
164956
164962
164963
164965
164966
164971
164974
164976
164977
164985
164989
164991
164999
165001
165006
165011
165014
165024
165025
165028
165033
165035
165043
165045
165046
165049
165055
165059
165063
165066
165067
165068
165074
165083
165085
165086
165089
165093
165098
165115
165122
165123
165125
165133
165135
165138
165152
165157
165162
165164
165173
165174
165176
165178
165179
165180
165194
165195
165197
165200
165204
165207
165208
165217
165222
165223
165227
165229
165239
165244
165246
165252
165255
165256
165263
165267
165271
165278
165279
165288
165292
165300
165328
165330
165335
165344
165346
165347
165350
165351
165361
165363
165368
165379
165383
165384
165390
165397
165398
165399
165403
165411
165412
165417
165423
165443
165447
165451
165452
165453
165459
165460
165461
165462
165464
165466
165469
165473
165475
165486
165487
165490
165491
165497
165511
165517
165520
165524
165526
165534
165539
165541
165544
165545
165547
165548
165552
165555
165557
165564
165574
165580
165582
165586
165587
165592
165595
165596
165599
165601
165604
165608
165618
165619
165631
165635
165636
165649
165651
165654
165660
165665
165670
165671
165677
165679
165680
165681
165684
165687
165691
165698
165703
165705
165721
165722
165724
165727
165728
165732
165743
165745
165751
165753
165755
165767
165769
165773
165791
165799
165800
165807
165808
165812
165819
165824
165825
165826
165832
165835
165837
165838
165845
165846
165847
165850
165852
165859
165861
165878
165879
165880
165882
165885
165887
165894
165895
165914
165915
165916
165920
165922
165928
165929
165930
165937
165947
165949
165951
165954
165959
165961
165968
165971
165972
165976
165979
165981
165984
165989
165991
165993
165999
166001
166005
166006
166011
166014
166017
166020
166025
166031
166045
166046
166056
166080
166084
166085
166088
166096
166105
166108
166112
166115
166123
166126
166132
166147
166152
166154
166165
166166
166167
166175
166179
166180
166185
166187
166197
166198
166199
166210
166211
166215
166220
166225
166240
166248
166251
166254
166255
166257
166266
166271
166272
166276
166279
166280
166286
166294
166296
166297
166299
166311
166314
166322
166325
166331
166335
166338
166343
166346
166347
166349
166351
166355
166356
166359
166360
166361
166363
166364
166366
166367
166368
166372
166381
166382
166384
166385
166388
166389
166394
166403
166409
166412
166414
166415
166421
166422
166424
166429
166438
166442
166443
166449
166454
166457
166466
166472
166474
166478
166480
166482
166483
166487
166490
166494
166497
166498
166500
166501
166503
166505
166506
166511
166516
166517
166521
166527
166529
166534
166536
166540
166542
166543
166563
166566
166569
166570
166572
166575
166577
166579
166584
166588
166589
166592
166600
166604
166606
166611
166614
166617
166622
166623
166627
166628
166629
166634
166635
166636
166638
166642
166652
166660
166662
166670
166676
166678
166679
166681
166694
166695
166700
166701
166708
166711
166716
166717
166719
166724
166736
166749
166755
166766
166782
166789
166791
166803
166809
166810
166812
166815
166820
166821
166827
166838
166840
166841
166845
166849
166855
166857
166860
166862
166863
166865
166866
166872
166878
166879
166883
166884
166886
166889
166890
166893
166896
166905
166913
166916
166919
166921
166927
166929
166935
166939
166945
166948
166957
166967
166972
166986
166990
166993
166996
166997
167008
167012
167025
167029
167038
167044
167050
167051
167054
167056
167057
167064
167069
167074
167081
167082
167086
167088
167090
167100
167102
167105
167113
167114
167115
167128
167136
167140
167146
167151
167152
167153
167163
167165
167166
167169
167171
167178
167180
167183
167188
167192
167194
167199
167207
167208
167212
167218
167224
167228
167230
167232
167239
167242
167245
167248
167251
167252
167254
167255
167257
167258
167281
167285
167290
167291
167292
167294
167296
167302
167309
167312
167313
167323
167325
167328
167330
167331
167337
167340
167344
167352
167354
167356
167359
167364
167367
167371
167373
167375
167379
167387
167393
167399
167409
167413
167414
167416
167419
167422
167427
167441
167445
167446
167452
167458
167470
167476
167477
167478
167481
167482
167483
167487
167488
167490
167502
167507
167512
167516
167522
167523
167524
167527
167529
167530
167533
167539
167541
167547
167548
167551
167558
167560
167563
167564
167587
167588
167597
167598
167620
167628
167631
167633
167634
167644
167665
167666
167679
167681
167682
167685
167687
167692
167695
167703
167709
167712
167719
167723
167726
167730
167732
167737
167742
167746
167749
167751
167762
167764
167768
167770
167771
167773
167776
167782
167784
167788
167790
167797
167798
167800
167809
167813
167820
167827
167831
167832
167835
167838
167839
167841
167859
167862
167864
167867
167868
167871
167876
167880
167881
167882
167889
167890
167891
167903
167905
167909
167911
167916
167919
167922
167926
167927
167931
167933
167936
167950
167962
167964
167977
167981
167983
167984
167988
167996
167997
167998
167999
168001
168002
168011
168013
168014
168017
168019
168021
168029
168038
168041
168042
168046
168059
168060
168063
168069
168072
168074
168083
168089
168096
168106
168107
168112
168116
168124
168144
168154
168157
168158
168165
168172
168175
168179
168182
168183
168187
168196
168199
168202
168206
168210
168211
168215
168219
168233
168234
168236
168241
168244
168265
168266
168278
168281
168293
168299
168312
168316
168317
168320
168322
168328
168331
168334
168335
168339
168340
168341
168361
168362
168371
168372
168376
168386
168393
168395
168398
168400
168402
168405
168406
168410
168414
168424
168426
168427
168432
168434
168435
168437
168440
168444
168446
168456
168461
168473
168474
168479
168483
168485
168487
168491
168492
168499
168506
168508
168511
168517
168519
168527
168528
168533
168534
168535
168540
168545
168548
168553
168554
168555
168560
168561
168566
168570
168576
168586
168590
168608
168609
168613
168614
168615
168625
168631
168632
168639
168640
168644
168653
168662
168667
168668
168672
168677
168678
168689
168692
168693
168695
168697
168705
168707
168711
168714
168720
168724
168725
168727
168732
168739
168740
168749
168757
168765
168768
168771
168772
168779
168781
168788
168790
168797
168799
168807
168811
168815
168816
168824
168826
168827
168828
168835
168842
168844
168845
168850
168852
168861
168872
168880
168883
168890
168901
168903
168905
168911
168914
168916
168917
168918
168923
168929
168939
168941
168948
168950
168955
168956
168962
168964
168965
168969
168972
168976
168985
168993
168996
168997
169004
169005
169006
169012
169015
169016
169020
169023
169030
169031
169034
169035
169038
169042
169045
169060
169063
169074
169088
169089
169092
169103
169104
169106
169111
169117
169120
169121
169122
169123
169125
169127
169132
169136
169137
169140
169143
169144
169149
169151
169154
169155
169158
169170
169171
169176
169177
169180
169183
169188
169190
169194
169195
169204
169205
169210
169212
169215
169222
169225
169236
169237
169239
169244
169259
169264
169265
169272
169276
169280
169283
169284
169287
169290
169291
169292
169302
169307
169310
169316
169317
169321
169322
169323
169327
169328
169345
169346
169357
169362
169369
169370
169371
169377
169378
169380
169385
169386
169398
169399
169408
169409
169410
169411
169414
169416
169418
169419
169424
169425
169429
169431
169432
169441
169446
169447
169448
169449
169453
169456
169467
169487
169490
169491
169492
169500
169501
169503
169505
169512
169513
169514
169518
169524
169526
169530
169536
169542
169550
169554
169555
169556
169560
169562
169571
169580
169582
169589
169600
169601
169614
169617
169621
169626
169627
169632
169636
169645
169646
169649
169651
169662
169664
169675
169676
169677
169679
169689
169694
169700
169705
169715
169718
169722
169725
169742
169750
169751
169755
169763
169769
169778
169782
169785
169791
169794
169798
169801
169809
169821
169824
169827
169828
169831
169833
169839
169843
169854
169862
169867
169877
169878
169883
169887
169889
169891
169895
169915
169916
169921
169923
169928
169931
169935
169937
169938
169940
169942
169943
169944
169950
169961
169967
169971
169973
169974
169983
169984
169987
169999
170001
170007
170010
170012
170013
170020
170021
170022
170024
170026
170028
170041
170045
170048
170049
170050
170058
170071
170074
170075
170078
170082
170090
170093
170102
170104
170107
170130
170133
170137
170138
170139
170146
170154
170159
170160
170163
170166
170169
170171
170175
170178
170182
170183
170189
170194
170201
170205
170206
170211
170214
170215
170219
170227
170237
170239
170248
170257
170260
170262
170265
170267
170273
170274
170275
170283
170284
170287
170300
170306
170307
170309
170311
170316
170327
170328
170337
170341
170347
170349
170351
170355
170357
170359
170368
170379
170382
170385
170386
170387
170389
170390
170396
170412
170414
170415
170418
170423
170424
170429
170443
170452
170454
170456
170460
170462
170463
170468
170475
170479
170482
170485
170488
170492
170494
170496
170498
170499
170503
170506
170508
170512
170513
170516
170517
170519
170526
170532
170533
170537
170547
170548
170549
170550
170560
170561
170563
170568
170574
170575
170579
170580
170581
170582
170587
170589
170594
170596
170599
170608
170612
170613
170614
170617
170622
170623
170627
170628
170631
170636
170638
170648
170656
170658
170659
170663
170664
170666
170671
170672
170677
170681
170684
170685
170686
170689
170692
170703
170704
170708
170709
170710
170716
170718
170721
170723
170725
170726
170729
170733
170736
170738
170743
170744
170746
170748
170751
170753
170765
170769
170772
170774
170781
170782
170785
170797
170798
170803
170809
170816
170819
170821
170831
170834
170836
170837
170842
170845
170846
170852
170860
170863
170864
170866
170867
170868
170869
170870
170871
170872
170874
170875
170876
170878
170880
170883
170884
170886
170891
170892
170893
170894
170895
170900
170903
170905
170908
170910
170915
170928
170934
170935
170940
170941
170942
170946
170950
170954
170958
170960
170962
170963
170970
170972
170973
170974
170978
170987
170992
170993
170994
171007
171017
171021
171024
171031
171032
171033
171036
171048
171050
171057
171058
171066
171073
171076
171077
171079
171083
171087
171095
171105
171106
171113
171116
171117
171119
171123
171124
171125
171129
171131
171134
171135
171139
171144
171147
171148
171149
171152
171153
171157
171168
171171
171177
171184
171186
171189
171197
171199
171201
171207
171211
171214
171218
171221
171222
171226
171230
171233
171235
171237
171240
171243
171244
171249
171255
171257
171259
171265
171272
171279
171285
171291
171292
171302
171312
171314
171320
171323
171329
171330
171336
171345
171351
171360
171361
171365
171367
171372
171381
171385
171386
171388
171394
171396
171412
171417
171423
171426
171435
171440
171446
171459
171460
171464
171468
171476
171478
171483
171488
171490
171492
171496
171499
171504
171507
171509
171512
171517
171522
171539
171552
171554
171555
171561
171562
171572
171575
171578
171595
171596
171597
171599
171600
171601
171608
171614
171618
171622
171623
171626
171627
171628
171629
171630
171631
171634
171649
171656
171659
171667
171669
171673
171676
171678
171681
171685
171686
171688
171692
171693
171694
171695
171697
171706
171708
171709
171725
171726
171727
171735
171738
171742
171745
171748
171749
171753
171754
171759
171761
171767
171769
171770
171772
171774
171780
171784
171787
171788
171790
171792
171797
171816
171820
171851
171853
171857
171863
171865
171877
171880
171882
171885
171890
171895
171910
171918
171923
171924
171936
171945
171954
171955
171957
171961
171967
171972
171984
171989
172006
172016
172020
172029
172035
172037
172038
172042
172043
172045
172046
172048
172049
172053
172055
172058
172060
172062
172064
172065
172069
172072
172073
172077
172081
172082
172083
172084
172088
172092
172094
172103
172117
172121
172124
172127
172133
172134
172141
172147
172148
172151
172152
172153
172160
172163
172167
172170
172177
172183
172188
172193
172195
172197
172199
172206
172210
172212
172217
172219
172220
172222
172223
172224
172230
172237
172249
172267
172268
172273
172275
172278
172285
172294
172295
172296
172299
172301
172303
172317
172323
172325
172327
172334
172335
172336
172346
172349
172350
172353
172357
172359
172363
172373
172387
172389
172393
172395
172400
172401
172413
172416
172418
172420
172421
172422
172423
172430
172435
172436
172438
172441
172442
172443
172444
172447
172448
172449
172453
172456
172458
172459
172460
172468
172469
172479
172480
172481
172482
172490
172491
172492
172500
172506
172508
172512
172514
172515
172517
172520
172521
172525
172527
172528
172534
172538
172549
172554
172555
172566
172575
172578
172580
172581
172582
172594
172596
172599
172605
172613
172630
172633
172637
172651
172657
172659
172660
172665
172667
172674
172676
172683
172687
172691
172699
172703
172705
172709
172710
172713
172717
172721
172725
172726
172727
172729
172730
172732
172734
172737
172738
172750
172752
172753
172756
172758
172760
172773
172774
172786
172789
172790
172811
172828
172830
172841
172847
172860
172867
172868
172874
172876
172883
172886
172887
172893
172898
172899
172900
172901
172906
172908
172910
172914
172929
172944
172947
172953
172955
172960
172961
172962
172965
172968
172969
172981
172983
172986
173004
173006
173007
173010
173011
173023
173024
173035
173037
173045
173046
173048
173049
173050
173051
173060
173062
173066
173069
173073
173075
173079
173085
173086
173098
173100
173104
173120
173121
173122
173128
173129
173137
173138
173159
173164
173167
173176
173182
173186
173187
173207
173227
173228
173237
173239
173240
173248
173249
173252
173255
173260
173264
173265
173268
173272
173273
173275
173278
173280
173282
173292
173293
173295
173296
173302
173306
173311
173312
173316
173319
173324
173326
173337
173338
173339
173342
173353
173359
173362
173363
173369
173373
173375
173376
173377
173381
173394
173395
173398
173401
173402
173418
173424
173429
173430
173435
173440
173443
173458
173464
173467
173468
173471
173483
173487
173493
173507
173508
173509
173511
173515
173516
173527
173536
173550
173556
173562
173564
173571
173584
173586
173590
173595
173600
173604
173606
173610
173612
173621
173626
173637
173640
173643
173645
173651
173663
173666
173681
173685
173689
173691
173692
173693
173695
173702
173709
173710
173711
173712
173714
173715
173731
173733
173735
173738
173750
173752
173753
173763
173771
173773
173775
173780
173781
173796
173798
173803
173806
173809
173812
173821
173829
173833
173839
173841
173847
173862
173864
173865
173867
173878
173888
173892
173899
173908
173913
173914
173915
173917
173918
173926
173927
173935
173938
173941
173942
173944
173946
173953
173954
173955
173956
173957
173959
173969
173978
173981
173996
173998
174002
174016
174017
174034
174038
174043
174045
174048
174051
174054
174055
174073
174074
174079
174087
174088
174089
174091
174093
174095
174112
174118
174122
174125
174126
174128
174132
174135
174138
174149
174151
174153
174156
174158
174161
174164
174167
174178
174180
174185
174188
174191
174199
174200
174204
174208
174209
174210
174211
174214
174215
174216
174222
174225
174231
174232
174247
174256
174259
174261
174264
174279
174284
174298
174301
174302
174318
174321
174322
174324
174328
174330
174335
174339
174342
174351
174354
174357
174362
174367
174368
174381
174385
174389
174391
174395
174400
174401
174413
174419
174420
174426
174428
174431
174442
174447
174451
174452
174461
174471
174473
174474
174475
174479
174486
174490
174491
174493
174501
174503
174505
174518
174519
174521
174522
174525
174528
174532
174535
174544
174545
174551
174560
174561
174566
174572
174574
174575
174577
174584
174595
174607
174615
174616
174635
174636
174646
174653
174654
174659
174663
174669
174670
174671
174680
174691
174692
174696
174697
174703
174708
174711
174718
174726
174727
174729
174730
174748
174752
174753
174758
174766
174775
174777
174778
174781
174784
174787
174793
174799
174804
174814
174823
174824
174825
174834
174836
174838
174839
174848
174849
174851
174852
174854
174856
174861
174875
174876
174877
174879
174881
174884
174885
174888
174896
174897
174898
174899
174901
174902
174904
174906
174907
174914
174917
174930
174932
174935
174939
174944
174946
174954
174963
174967
174972
174973
174980
174981
174984
174986
174992
174998
174999
175004
175008
175009
175011
175016
175023
175028
175032
175039
175041
175042
175049
175051
175061
175065
175067
175072
175075
175076
175079
175091
175093
175095
175097
175098
175103
175110
175112
175122
175124
175127
175139
175143
175148
175151
175157
175171
175173
175175
175178
175182
175184
175186
175193
175195
175200
175204
175205
175212
175215
175216
175221
175231
175233
175238
175244
175256
175260
175262
175264
175266
175268
175269
175285
175290
175291
175294
175296
175299
175311
175314
175316
175318
175323
175325
175326
175333
175349
175351
175353
175367
175370
175386
175389
175395
175414
175418
175419
175427
175428
175437
175445
175450
175453
175456
175459
175461
175463
175468
175469
175470
175473
175475
175479
175489
175492
175498
175503
175504
175512
175513
175515
175521
175526
175532
175535
175536
175537
175540
175541
175542
175543
175551
175554
175555
175557
175558
175559
175561
175562
175563
175566
175567
175572
175575
175576
175577
175582
175583
175586
175593
175601
175605
175610
175612
175620
175634
175638
175642
175643
175645
175648
175650
175652
175660
175663
175667
175680
175683
175686
175687
175689
175690
175693
175698
175703
175705
175707
175708
175711
175712
175713
175716
175720
175721
175725
175726
175731
175757
175767
175771
175773
175776
175777
175778
175787
175788
175791
175800
175802
175805
175806
175809
175820
175821
175822
175823
175824
175825
175826
175828
175829
175837
175838
175839
175842
175843
175844
175845
175851
175855
175860
175868
175869
175878
175879
175882
175883
175887
175889
175898
175907
175914
175916
175921
175922
175931
175936
175937
175942
175943
175946
175950
175951
175955
175959
175966
175967
175969
175970
175975
175977
175979
175986
176000
176004
176010
176032
176037
176039
176043
176047
176048
176051
176052
176058
176061
176066
176068
176074
176076
176083
176089
176090
176095
176104
176110
176115
176117
176119
176120
176121
176123
176126
176134
176137
176138
176144
176150
176153
176157
176158
176161
176162
176164
176173
176174
176176
176179
176181
176184
176185
176190
176191
176201
176202
176206
176211
176217
176218
176223
176229
176233
176239
176243
176245
176246
176248
176256
176263
176264
176268
176271
176278
176279
176282
176290
176294
176296
176298
176308
176309
176311
176318
176319
176322
176328
176330
176338
176341
176342
176353
176354
176356
176358
176359
176364
176365
176368
176377
176378
176381
176384
176386
176389
176391
176405
176417
176419
176422
176429
176431
176434
176437
176441
176442
176446
176449
176456
176459
176461
176465
176466
176468
176469
176475
176479
176480
176484
176487
176489
176495
176498
176500
176502
176504
176511
176513
176519
176524
176527
176530
176533
176534
176542
176544
176546
176550
176551
176558
176562
176573
176594
176597
176599
176600
176601
176608
176610
176612
176615
176625
176626
176628
176635
176642
176650
176651
176654
176657
176662
176665
176667
176668
176672
176680
176681
176683
176686
176689
176692
176693
176697
176698
176700
176718
176727
176732
176733
176737
176743
176753
176758
176761
176767
176769
176774
176785
176788
176794
176799
176815
176820
176822
176826
176827
176834
176835
176836
176840
176853
176856
176858
176866
176869
176871
176876
176879
176880
176884
176887
176890
176897
176901
176910
176911
176913
176917
176920
176921
176934
176952
176953
176959
176960
176964
176966
176970
176980
176982
176983
176984
176988
176994
177001
177002
177012
177014
177015
177019
177020
177021
177022
177023
177025
177027
177028
177029
177030
177031
177032
177033
177034
177037
177042
177046
177047
177048
177051
177053
177058
177065
177066
177067
177069
177070
177077
177080
177083
177085
177088
177101
177102
177103
177110
177111
177113
177114
177117
177122
177123
177129
177132
177145
177147
177148
177149
177153
177162
177165
177169
177173
177176
177181
177183
177189
177192
177194
177201
177203
177204
177217
177218
177220
177222
177224
177230
177231
177237
177240
177241
177255
177256
177258
177267
177269
177270
177285
177287
177290
177291
177293
177309
177310
177311
177318
177323
177324
177327
177339
177341
177343
177349
177350
177355
177357
177359
177360
177367
177371
177375
177376
177382
177385
177387
177394
177397
177402
177404
177410
177413
177415
177417
177418
177425
177434
177435
177437
177446
177450
177458
177459
177460
177461
177472
177476
177490
177491
177500
177502
177510
177515
177518
177530
177531
177532
177533
177538
177539
177542
177543
177544
177545
177546
177548
177549
177552
177557
177558
177573
177575
177581
177586
177587
177590
177591
177597
177610
177611
177613
177620
177621
177623
177630
177631
177632
177644
177651
177654
177660
177661
177669
177673
177675
177685
177687
177692
177698
177701
177712
177715
177716
177722
177724
177725
177732
177738
177744
177746
177756
177759
177770
177773
177775
177778
177782
177792
177793
177794
177795
177796
177805
177808
177814
177817
177818
177823
177824
177828
177838
177840
177843
177845
177847
177848
177853
177856
177858
177862
177865
177871
177874
177875
177876
177879
177880
177883
177884
177891
177894
177896
177897
177902
177903
177935
177949
177956
177962
177963
177964
177965
177970
177976
177989
177993
177994
177998
178000
178002
178008
178030
178033
178036
178037
178041
178042
178045
178046
178047
178052
178054
178055
178057
178060
178062
178066
178069
178070
178084
178089
178096
178099
178107
178109
178111
178115
178124
178130
178132
178137
178142
178144
178150
178154
178156
178165
178166
178170
178171
178172
178178
178180
178186
178190
178199
178201
178202
178208
178209
178211
178213
178215
178218
178219
178221
178226
178229
178230
178231
178235
178240
178241
178245
178246
178248
178254
178259
178266
178269
178270
178282
178286
178288
178290
178291
178292
178293
178294
178295
178298
178299
178300
178301
178304
178307
178316
178323
178326
178328
178329
178334
178341
178344
178347
178349
178351
178352
178353
178354
178355
178356
178357
178358
178361
178363
178364
178367
178372
178388
178391
178392
178393
178394
178404
178409
178414
178417
178435
178439
178444
178449
178452
178456
178457
178460
178461
178466
178468
178475
178476
178477
178478
178479
178481
178482
178486
178491
178495
178496
178506
178514
178515
178528
178534
178535
178538
178541
178545
178554
178570
178574
178579
178582
178587
178589
178590
178594
178597
178605
178618
178619
178623
178628
178633
178639
178642
178646
178648
178652
178655
178656
178658
178666
178671
178672
178676
178677
178678
178679
178694
178700
178707
178709
178711
178713
178716
178717
178718
178724
178729
178731
178732
178740
178741
178744
178752
178753
178755
178762
178763
178770
178774
178785
178787
178788
178789
178790
178797
178798
178800
178807
178814
178818
178821
178823
178825
178832
178833
178837
178842
178845
178848
178854
178858
178862
178865
178873
178875
178878
178880
178881
178882
178884
178890
178892
178896
178902
178904
178905
178907
178911
178914
178924
178929
178930
178931
178935
178938
178946
178951
178956
178961
178967
178975
178979
178985
178986
178987
178988
178993
178997
179004
179009
179011
179018
179020
179024
179025
179030
179033
179038
179039
179043
179046
179047
179049
179057
179069
179072
179078
179088
179090
179091
179095
179096
179103
179105
179106
179112
179118
179121
179127
179128
179130
179133
179135
179136
179138
179142
179143
179148
179154
179155
179163
179167
179173
179174
179195
179199
179204
179220
179222
179223
179224
179233
179239
179248
179253
179261
179263
179264
179266
179268
179273
179274
179275
179276
179277
179282
179294
179297
179298
179304
179310
179311
179319
179320
179324
179329
179330
179334
179342
179348
179359
179363
179377
179381
179383
179392
179393
179403
179404
179408
179427
179431
179433
179439
179440
179444
179445
179449
179454
179457
179470
179492
179496
179497
179500
179501
179512
179514
179515
179521
179527
179532
179542
179553
179556
179560
179563
179566
179573
179578
179582
179593
179596
179598
179599
179605
179607
179616
179624
179648
179649
179652
179654
179657
179674
179676
179686
179690
179691
179700
179701
179705
179707
179711
179713
179714
179716
179717
179719
179721
179725
179726
179727
179731
179734
179735
179737
179747
179750
179758
179760
179765
179775
179776
179777
179785
179786
179787
179788
179789
179790
179791
179793
179799
179800
179804
179805
179808
179811
179812
179815
179820
179821
179822
179823
179832
179833
179835
179836
179840
179841
179848
179849
179851
179852
179863
179870
179871
179873
179877
179879
179880
179884
179886
179888
179889
179890
179891
179892
179896
179897
179898
179899
179900
179902
179905
179907
179909
179911
179915
179919
179926
179927
179930
179935
179936
179938
179942
179943
179945
179951
179960
179962
179963
179980
179994
180006
180009
180014
180015
180018
180025
180027
180030
180031
180035
180036
180040
180041
180052
180053
180060
180067
180069
180073
180079
180082
180084
180087
180094
180099
180100
180105
180108
180111
180112
180119
180120
180125
180130
180132
180133
180142
180152
180155
180157
180162
180164
180167
180171
180178
180179
180180
180184
180193
180198
180199
180200
180204
180208
180223
180230
180232
180236
180238
180240
180241
180246
180249
180254
180271
180272
180277
180278
180281
180285
180287
180289
180303
180304
180306
180315
180316
180317
180318
180322
180323
180329
180338
180339
180343
180348
180349
180356
180358
180364
180369
180371
180372
180375
180410
180411
180416
180418
180420
180450
180453
180454
180455
180456
180458
180459
180465
180467
180469
180473
180497
180508
180509
180514
180525
180527
180528
180529
180532
180536
180541
180545
180546
180552
180554
180559
180562
180566
180568
180575
180578
180580
180582
180589
180590
180601
180604
180605
180607
180610
180616
180618
180620
180622
180625
180627
180628
180629
180631
180634
180638
180645
180647
180657
180663
180669
180673
180675
180682
180686
180692
180695
180700
180702
180704
180706
180710
180713
180714
180715
180716
180726
180735
180736
180737
180738
180750
180754
180757
180762
180763
180770
180775
180781
180783
180784
180794
180797
180798
180799
180802
180804
180808
180810
180811
180821
180826
180827
180836
180837
180841
180853
180854
180857
180858
180859
180862
180871
180872
180873
180874
180875
180876
180877
180878
180879
180881
180882
180890
180891
180892
180896
180903
180909
180915
180918
180921
180922
180924
180930
180932
180936
180942
180947
180953
180962
180965
180971
180974
180977
180978
180980
180990
180992
181001
181003
181005
181007
181008
181012
181021
181024
181030
181033
181035
181041
181043
181048
181053
181055
181057
181070
181071
181073
181074
181083
181084
181093
181098
181103
181104
181105
181108
181111
181122
181127
181130
181133
181141
181143
181149
181150
181159
181161
181163
181168
181174
181199
181200
181202
181214
181216
181218
181221
181222
181226
181230
181234
181237
181250
181255
181256
181265
181266
181271
181273
181280
181286
181299
181300
181303
181305
181311
181316
181323
181329
181337
181338
181342
181352
181354
181355
181365
181366
181368
181375
181377
181378
181381
181388
181394
181396
181399
181403
181405
181408
181411
181421
181426
181429
181430
181432
181438
181441
181452
181455
181458
181461
181466
181472
181478
181480
181484
181490
181491
181495
181496
181504
181507
181510
181513
181515
181519
181521
181523
181525
181526
181527
181528
181530
181532
181533
181535
181536
181538
181543
181547
181560
181562
181563
181564
181565
181568
181571
181577
181578
181580
181584
181585
181587
181595
181596
181597
181598
181602
181604
181606
181614
181615
181616
181621
181622
181625
181628
181629
181636
181639
181642
181655
181660
181662
181669
181676
181677
181678
181679
181683
181686
181689
181691
181692
181693
181702
181707
181712
181717
181721
181726
181732
181733
181739
181752
181758
181762
181765
181767
181773
181777
181780
181795
181798
181801
181804
181806
181807
181815
181820
181821
181823
181824
181827
181830
181835
181839
181844
181847
181848
181853
181858
181861
181865
181870
181882
181890
181894
181900
181905
181906
181910
181911
181915
181917
181920
181926
181928
181930
181933
181945
181959
181961
181967
181971
181977
181978
181985
181986
181993
182003
182008
182011
182013
182018
182020
182023
182025
182029
182038
182039
182045
182047
182050
182057
182060
182070
182071
182080
182084
182085
182089
182092
182093
182099
182100
182103
182108
182112
182118
182120
182122
182129
182130
182133
182142
182146
182152
182153
182157
182164
182168
182172
182175
182176
182186
182190
182192
182199
182204
182222
182225
182227
182228
182231
182239
182247
182248
182250
182251
182252
182253
182265
182272
182274
182283
182288
182293
182301
182306
182310
182311
182312
182315
182317
182319
182328
182330
182332
182348
182359
182363
182364
182365
182369
182374
182380
182381
182388
182395
182397
182398
182399
182407
182422
182426
182431
182439
182442
182447
182453
182464
182466
182478
182480
182488
182491
182494
182496
182498
182513
182517
182522
182526
182527
182529
182530
182532
182533
182535
182537
182547
182548
182549
182552
182566
182568
182571
182572
182590
182591
182594
182595
182597
182599
182600
182601
182603
182604
182605
182607
182608
182609
182610
182613
182615
182623
182626
182634
182636
182647
182648
182651
182656
182657
182665
182672
182675
182684
182686
182696
182701
182702
182705
182711
182712
182713
182715
182736
182744
182749
182750
182751
182753
182754
182755
182762
182763
182770
182773
182774
182775
182777
182778
182779
182783
182787
182790
182800
182801
182805
182813
182814
182817
182823
182830
182832
182834
182836
182840
182841
182847
182849
182852
182857
182860
182868
182870
182873
182874
182878
182881
182887
182889
182890
182893
182902
182903
182905
182907
182910
182911
182912
182917
182925
182927
182930
182935
182940
182941
182942
182944
182953
182959
182961
182967
182970
182975
182977
182981
182982
182986
182987
183002
183004
183009
183013
183021
183022
183024
183027
183044
183045
183046
183047
183049
183050
183051
183052
183053
183060
183073
183075
183076
183080
183085
183086
183087
183088
183092
183095
183096
183101
183116
183127
183128
183135
183140
183142
183154
183155
183161
183162
183166
183167
183169
183170
183172
183176
183178
183181
183188
183191
183192
183197
183200
183204
183205
183206
183211
183227
183230
183237
183240
183242
183243
183245
183247
183253
183254
183258
183259
183264
183268
183275
183277
183287
183290
183294
183297
183299
183305
183319
183321
183322
183329
183337
183339
183343
183350
183354
183359
183360
183363
183364
183367
183369
183371
183373
183382
183384
183385
183387
183389
183390
183398
183400
183401
183404
183409
183410
183412
183421
183427
183435
183437
183438
183444
183446
183456
183458
183461
183462
183467
183472
183479
183484
183485
183486
183496
183498
183504
183505
183510
183511
183513
183515
183524
183525
183539
183551
183564
183565
183569
183577
183580
183581
183586
183588
183590
183592
183593
183599
183600
183603
183611
183619
183623
183629
183640
183644
183645
183650
183652
183653
183662
183667
183670
183672
183673
183674
183680
183682
183683
183687
183690
183692
183696
183699
183710
183715
183720
183725
183731
183739
183745
183748
183751
183752
183755
183760
183766
183768
183770
183775
183777
183780
183781
183788
183792
183793
183796
183800
183807
183813
183814
183818
183819
183820
183830
183832
183835
183837
183838
183842
183843
183846
183856
183861
183862
183864
183867
183875
183876
183881
183887
183888
183890
183898
183900
183906
183908
183911
183914
183926
183927
183929
183931
183936
183943
183945
183947
183949
183952
183957
183959
183960
183961
183963
183968
183970
183977
183981
183982
183984
183989
183991
183992
183999
184003
184009
184013
184014
184015
184017
184023
184025
184030
184034
184042
184058
184066
184067
184070
184073
184077
